v3.0 hex words addressed
00: 002d3 10002 20050 00050 00000 00000 00000 00000
08: 0040a 00050 002d3 03050 00000 00000 00000 00000
10: 002d3 14012 e0050 00050 00000 00000 00000 00000
18: 002d3 2001a 9401b e0050 00000 00000 00000 00000
20: 002d3 10022 0c050 00050 00000 00000 00000 00000
28: 002d3 03050 00000 00000 00000 00000 00000 00000
30: 002d3 1c032 e0033 10034 18035 a0036 03050 00000
38: 002d3 1003a 1803b 9403c 9463d e0050 00000 00000
40: 002d3 10042 80050 00000 00000 00000 00000 00000
48: 00000 00000 00000 00000 00000 00000 00000 00000
50: c0051 12852 a0180 10055 a0100 00000 00000 00000
58: 00000 00000 00000 00000 00000 00000 00000 00000
60: 00000 00000 00000 00000 00000 00000 00000 00000
68: 00000 00000 00000 00000 00000 00000 00000 00000
70: 00000 00000 00000 00000 00000 00000 00000 00000
78: 00000 00000 00000 00000 00000 00000 00000 00000
