00000000001011000011
00010000000000000010
00100000000001000000
00000000000001000000

00000000010000000110
00000000000001000000
00000000001011000011
00000011000001000000

00000000001011000011
00010100000000001010
11100000000001000000
00000000000001000000

00000000001011000011
00100000000000001110
10010100000000001111
11100000000001000000

00000000001011000011
00010000000000000010
00001100000001000000
00000000000001000000

00000000001011000011
00000011000001000000

00000000001011000011
00011100000000011000
11100000000000011001
00010000000000011010
00011000000000011011
10100000000000011100
00000011000001000000

00000000001011000011
00010000000000011111
00011000000000100000
10010100000000100001
10010100011000100010
11100000000001000000

00000000001011000011
00010000000000100101
10000000000001000000

00000000001011000011
00010000000000101000
00001100000001000000

11000000000001000001
00010010100001000010
10100000000110000000

00010000000001000100
10100000000100000000

