00000000001011010011
00010000000000000010
00100000000001010000
00000000000001010000

00000000010000001010
00000000000001010000

00000000001011010011
00000011000001010000

00000000001011010011
00010100000000010010
11100000000001010000
00000000000001010000

00000000001011010011
00100000000000011010
10010100000000011011
11100000000001010000

00000000001011010011
00010000000000100010
00001100000001010000
00000000000001010000

00000000001011010011
00000011000001010000

00000000001011010011
00011100000000110010
11100000000000110011
00010000000000110100
00011000000000110101
10100000000000110110
00000011000001010000

00000000001011010011
00010000000000111010
00011000000000111011
10010100000000111100
10010100011000111101
11100000000001010000

00000000001011010011
00010000000001000010
10000000000001010000

11000000000001010001
00010010100001010010
10100000000110000000

00010000000001010101
10100000000100000000